# SA cone extremal rays for n=3 system
# Generated: 2025-12-11 11:20:41
# Total unique rays: 14
# Format: 7 coefficients per line [S1, S2, S3, S12, S13, S23, S123]
# Each ray is normalized to sum = 1 (on simplex)
#
0.2500000000 0.0000000000 0.0000000000 0.2500000000 0.2500000000 -0.0000000000 0.2500000000
0.2500000000 0.0000000000 0.2500000000 0.2500000000 0.0000000000 0.2500000000 0.0000000000
0.0000000000 0.2500000000 0.0000000000 0.2500000000 0.0000000000 0.2500000000 0.2500000000
0.2500000000 0.2500000000 0.0000000000 0.0000000000 0.2500000000 0.2500000000 -0.0000000000
0.0000000000 -0.0000000000 0.2500000000 0.0000000000 0.2500000000 0.2500000000 0.2500000000
-0.0000000000 0.2500000000 0.2500000000 0.2500000000 0.2500000000 0.0000000000 0.0000000000
0.2500000000 0.2500000000 0.2500000000 -0.0000000000 -0.0000000000 0.0000000000 0.2500000000
0.1000000000 0.2000000000 0.2000000000 0.1000000000 0.1000000000 0.2000000000 0.1000000000
0.2000000000 0.2000000000 0.1000000000 0.2000000000 0.1000000000 0.1000000000 0.1000000000
0.1000000000 0.1000000000 0.2000000000 0.2000000000 0.1000000000 0.1000000000 0.2000000000
0.1000000000 0.1000000000 0.1000000000 0.2000000000 0.2000000000 0.2000000000 0.1000000000
0.1000000000 0.2000000000 0.1000000000 0.1000000000 0.2000000000 0.1000000000 0.2000000000
0.2000000000 0.1000000000 0.2000000000 0.1000000000 0.2000000000 0.1000000000 0.1000000000
0.2000000000 0.1000000000 0.1000000000 0.1000000000 0.1000000000 0.2000000000 0.2000000000
