# SA (subadditivity) facets for n=3 system with S3 permutation symmetry
# Generated: 2025-12-11 11:19:31
# Total unique facets: 21
# Format: 7 coefficients per line [S1, S2, S3, S12, S13, S23, S123]
# Binary index ordering: S(subset) at index (binary(subset) - 1)
#
1.000000 1.000000 0.000000 -1.000000 0.000000 0.000000 0.000000
1.000000 -1.000000 0.000000 1.000000 0.000000 0.000000 0.000000
-1.000000 1.000000 0.000000 1.000000 0.000000 0.000000 0.000000
1.000000 0.000000 1.000000 0.000000 -1.000000 0.000000 0.000000
1.000000 0.000000 -1.000000 0.000000 1.000000 0.000000 0.000000
0.000000 1.000000 1.000000 0.000000 0.000000 -1.000000 0.000000
0.000000 1.000000 -1.000000 0.000000 0.000000 1.000000 0.000000
0.000000 0.000000 0.000000 1.000000 1.000000 -1.000000 0.000000
0.000000 0.000000 0.000000 1.000000 -1.000000 1.000000 0.000000
1.000000 0.000000 0.000000 0.000000 0.000000 -1.000000 1.000000
0.000000 1.000000 0.000000 0.000000 -1.000000 0.000000 1.000000
0.000000 0.000000 -1.000000 1.000000 0.000000 0.000000 1.000000
0.000000 0.000000 1.000000 -1.000000 0.000000 0.000000 1.000000
0.000000 -1.000000 0.000000 0.000000 1.000000 0.000000 1.000000
-1.000000 0.000000 0.000000 0.000000 0.000000 1.000000 1.000000
-1.000000 0.000000 1.000000 0.000000 1.000000 0.000000 0.000000
0.000000 -1.000000 1.000000 0.000000 0.000000 1.000000 0.000000
0.000000 0.000000 0.000000 -1.000000 1.000000 1.000000 0.000000
1.000000 0.000000 0.000000 0.000000 0.000000 1.000000 -1.000000
0.000000 1.000000 0.000000 0.000000 1.000000 0.000000 -1.000000
0.000000 0.000000 1.000000 1.000000 0.000000 0.000000 -1.000000
